0
124
124
124
123
124
123
123
0
123
123
124
124
124
124
123
0
124
0
124
123
123
123
123
0
0
0
124
0
124
124
0
0
124
0
123
0
123
123
0
0
123
123
0
123
2
3
4
76
166
4
186
4
187
4
6
2
4
4
4
3
62
4
166
3
88
3
128
6
186
1
3
6
2
2
4
4
4
2
2
2
2
2
3
4
2
4
4
2
2
4
6
3
4
3
2
2
3
4
3
3
6
2
3
2
2
2
2
2
4
2
4
2
2
4
2
3
6
2
4
3
114
3
3
166
3
166
3
3
3
3
3
3
3
3
3
3
3
166
3
3
3
166
3
3
2
177
3
3
3
3
166
3
3
3
3
3
3
3
3
3
3
4
6
6
4
3
62
3
4
3
6
6
6
180
4
62
4
3
4
4
4
4
3
2
6
6
3
6
177
3
4
4
6
4
3
4
6
4
4
3
6
166
5
5
5
5
5
5
5
5
5
5
5
5
5
5
5
5
5
5
5
5
5
5
5
5
5
5
5
5
5
5
5
5
5
5
97
97
5
5
5
5
5
5
5
5
5
6
6
6
6
6
6
6
6
6
6
129
6
6
6
6
51
6
6
6
125
6
6
6
6
6
6
6
6
6
6
6
6
6
6
6
6
167
6
6
7
7
7
7
7
8
7
7
7
7
7
7
7
7
7
7
8
7
7
7
7
7
9
7
8
7
7
7
7
7
7
7
7
7
7
7
7
7
7
7
9
7
7
7
7
8
8
8
8
8
10
8
8
8
8
8
8
8
8
8
8
7
8
10
7
7
8
8
8
8
8
8
8
8
8
8
8
8
8
10
8
8
8
8
8
8
7
10
9
9
38
7
9
38
9
7
9
9
7
9
9
9
10
9
7
7
10
9
7
9
9
7
7
9
7
7
7
9
7
8
10
8
10
8
8
10
8
10
8
143
8
10
10
10
9
8
10
8
55
8
8
10
8
8
10
8
8
10
10
10
10
8
8
8
8
10
8
11
11
11
11
20
11
11
11
20
11
11
11
11
11
11
11
11
11
11
11
11
11
11
11
11
20
11
11
20
20
11
11
11
11
11
11
11
24
12
21
12
12
19
21
20
12
12
18
12
12
18
12
20
12
18
12
12
12
18
23
12
12
22
24
12
18
12
12
20
21
19
12
12
20
32
12
12
18
18
18
18
13
18
18
18
18
18
13
18
18
18
18
13
13
18
13
24
13
18
13
18
18
18
18
18
18
22
20
18
18
18
13
12
18
12
18
13
24
24
13
13
14
14
14
14
14
14
14
14
14
14
14
14
14
14
14
14
14
14
14
14
14
14
14
14
13
14
14
14
14
14
14
14
14
14
14
14
14
14
14
14
18
14
14
15
16
16
17
16
16
15
17
15
16
16
16
15
16
16
16
16
17
17
15
16
16
15
17
16
16
16
15
16
16
16
16
16
16
16
16
15
16
16
15
16
15
16
16
16
17
16
15
15
16
16
16
16
16
16
17
16
16
16
15
16
17
16
16
16
17
16
16
16
15
16
16
16
16
16
16
16
16
16
16
16
23
17
16
16
17
17
17
17
17
17
17
190
17
17
17
17
17
17
36
17
17
17
190
17
17
81
17
17
17
81
17
190
17
17
15
17
17
17
194
17
17
17
190
17
17
81
17
24
13
18
18
18
18
12
18
18
18
13
24
18
18
18
18
18
13
18
24
13
13
13
18
18
18
13
18
24
18
13
18
18
24
13
18
18
18
18
24
18
23
22
23
23
19
23
18
22
22
22
22
19
23
23
23
22
23
23
23
23
12
22
22
23
23
22
22
23
22
22
22
23
22
23
22
22
22
23
19
23
23
23
22
22
22
23
20
20
20
20
20
20
20
20
20
20
20
20
20
19
20
20
20
11
20
20
20
20
20
20
20
20
20
20
20
20
20
20
20
20
20
20
11
20
20
20
20
20
23
12
21
20
21
22
21
12
12
21
12
12
12
20
12
21
21
21
21
12
21
21
24
19
12
22
21
21
22
12
12
12
21
22
12
13
18
12
12
21
22
22
12
22
23
22
22
22
22
22
22
22
22
22
22
22
22
23
18
22
22
22
22
22
22
22
23
22
12
22
22
22
22
22
22
22
22
22
22
22
22
22
19
23
23
11
22
23
23
23
18
23
23
23
23
23
23
15
22
23
23
23
23
23
23
23
23
23
23
22
23
23
23
23
22
23
22
23
23
23
19
23
23
23
23
23
23
23
18
13
24
24
24
24
24
24
13
24
13
24
24
24
24
24
24
24
18
24
24
24
24
24
18
18
24
24
13
24
24
13
18
24
24
18
24
24
24
24
28
36
29
25
25
29
27
28
28
25
28
25
29
28
25
28
25
28
25
29
28
25
26
25
36
28
36
36
28
25
36
28
28
29
26
26
26
26
26
26
26
26
26
26
26
26
26
26
26
26
26
26
26
26
26
26
26
26
26
26
26
26
26
26
30
26
26
26
26
26
26
33
36
36
36
27
27
32
27
27
28
27
27
33
36
36
36
27
27
27
27
27
27
27
27
27
27
27
27
27
27
27
27
27
36
26
27
27
26
27
27
27
28
36
28
28
36
28
33
36
28
27
27
28
27
28
28
28
27
28
29
29
25
28
27
28
28
25
28
27
27
36
28
36
28
36
27
28
28
28
28
27
36
28
29
29
29
29
36
23
29
29
29
29
28
29
29
36
29
29
29
29
36
29
29
36
29
36
29
29
25
29
29
29
25
29
29
29
29
29
29
29
29
29
29
29
30
30
30
30
26
30
30
30
26
26
30
30
30
30
30
30
37
79
30
30
30
30
26
26
30
30
30
30
30
30
30
30
30
30
30
37
30
30
30
26
30
30
30
30
36
36
36
36
36
31
36
36
31
36
31
36
31
31
31
36
36
31
31
36
36
36
36
36
36
36
31
36
31
36
31
31
36
36
36
36
36
36
31
31
36
31
32
32
32
32
32
32
36
36
36
36
36
36
36
36
36
36
36
32
32
32
32
32
36
32
36
36
32
32
36
32
36
36
32
36
32
36
32
32
32
32
32
32
33
33
33
33
33
33
34
33
33
33
33
33
33
33
33
33
33
33
33
33
33
33
33
33
33
27
33
33
33
33
33
33
33
33
33
33
33
33
33
33
33
33
33
33
33
177
34
36
28
29
27
33
34
34
28
34
33
33
29
33
27
29
34
34
34
31
34
29
28
29
28
33
28
33
33
34
26
27
34
29
166
33
34
33
34
34
35
26
30
37
37
37
30
30
35
28
35
35
30
26
30
35
30
26
30
37
30
30
30
35
35
30
30
35
30
76
30
35
35
37
30
30
35
30
30
35
37
36
36
36
36
36
36
36
36
36
36
36
36
36
36
36
36
36
36
36
36
36
36
36
36
36
31
36
36
36
36
36
36
36
36
36
36
36
36
36
37
37
37
37
37
37
37
37
37
37
37
37
37
37
37
37
37
37
37
37
37
37
37
37
37
35
37
37
37
37
37
37
37
37
37
37
37
37
37
37
37
38
38
38
38
41
38
38
38
38
38
38
38
38
38
156
38
38
38
38
38
38
38
38
38
38
38
38
38
38
38
38
42
38
38
41
38
38
39
39
39
39
39
39
39
39
39
39
39
39
39
39
39
39
39
39
39
39
39
39
39
39
39
39
39
39
39
39
39
39
39
39
39
39
39
39
39
40
40
40
43
40
40
40
40
40
40
40
40
40
40
40
40
40
40
40
40
40
40
40
40
40
40
40
40
40
40
40
40
40
40
40
39
41
41
41
42
41
41
41
38
41
41
43
41
41
41
42
41
41
42
41
41
41
41
42
41
41
41
41
41
41
42
41
41
41
41
41
42
42
42
41
41
42
41
42
42
42
42
42
42
42
42
42
41
41
42
42
42
42
41
41
42
40
42
42
42
42
41
42
41
41
42
42
42
42
42
42
42
42
42
42
42
42
43
39
39
39
43
43
43
40
43
43
43
43
43
43
39
43
40
40
40
39
43
43
43
39
43
40
43
40
39
43
43
43
43
40
39
43
40
40
42
39
43
40
39
39
43
44
44
45
44
45
44
45
45
44
44
45
45
45
45
44
44
45
45
44
44
44
45
45
44
44
45
45
45
44
44
44
44
44
45
45
45
45
45
44
45
45
45
45
45
45
45
45
45
45
45
45
45
45
45
45
45
45
45
45
44
45
45
45
45
45
45
45
45
45
45
45
45
45
45
45
44
45
46
62
46
46
46
46
46
46
46
46
46
47
46
46
46
46
47
46
47
47
46
46
46
46
46
46
46
46
46
46
46
47
47
46
46
47
47
47
47
47
47
47
47
47
158
47
47
47
47
109
158
47
47
47
47
158
47
47
142
47
158
94
158
47
47
47
158
47
47
47
158
107
158
47
158
158
47
47
46
46
48
48
48
48
48
48
48
48
48
82
48
46
48
48
48
48
48
62
48
62
48
48
48
189
48
48
48
48
48
46
47
48
48
48
46
48
49
47
49
49
49
49
49
49
49
57
47
49
49
131
47
49
49
49
49
49
49
47
49
49
49
49
49
47
49
49
49
47
49
49
47
49
47
49
47
49
49
49
50
50
50
50
50
50
50
50
50
50
50
50
50
50
50
50
50
50
50
50
50
50
50
50
50
50
50
50
50
50
50
50
50
50
50
50
50
50
50
50
50
50
50
51
51
51
51
51
51
51
51
51
51
51
51
51
51
51
51
51
51
51
51
51
117
51
51
51
51
51
51
51
51
51
51
51
51
51
51
51
51
51
51
51
52
52
64
52
52
52
52
52
52
52
52
52
52
52
52
52
52
52
52
52
52
52
52
52
52
69
51
90
52
52
52
52
52
52
52
52
64
52
53
52
121
52
52
64
52
68
68
68
68
73
68
73
53
68
68
68
73
53
68
73
68
73
68
73
73
68
73
68
68
68
68
121
68
68
73
68
69
68
53
68
68
69
53
73
68
54
56
56
54
56
54
56
54
56
54
54
54
54
56
56
56
54
54
54
54
54
54
55
56
54
56
54
56
56
54
56
54
56
54
55
54
54
54
55
54
56
55
55
56
55
56
55
55
56
56
56
55
56
55
55
56
55
56
55
56
55
56
56
56
55
56
56
55
55
56
56
55
56
55
55
55
55
56
55
56
55
55
55
55
55
55
56
56
56
56
56
56
56
56
37
56
56
56
56
56
56
56
56
56
55
56
56
56
56
55
56
56
56
111
56
56
55
56
56
56
55
56
56
56
56
57
57
57
57
57
57
57
61
57
57
57
49
57
57
57
57
57
118
57
57
57
57
57
57
130
57
57
57
132
47
57
57
49
57
49
57
57
57
57
57
57
57
57
57
58
58
58
58
58
58
58
58
58
58
58
54
58
58
37
58
58
58
58
58
58
58
58
58
54
54
58
58
58
58
58
54
59
58
58
54
58
54
58
59
58
58
58
79
58
67
59
67
67
59
59
80
59
67
87
158
177
67
62
117
82
93
93
94
82
64
67
64
64
64
67
94
185
94
142
67
91
62
158
59
59
62
65
72
72
65
72
72
71
72
72
60
72
65
72
72
72
72
72
72
72
114
72
65
72
72
72
72
60
65
72
72
72
72
72
65
72
72
72
66
114
114
66
65
114
61
61
64
61
61
142
119
61
117
61
61
61
61
61
61
119
61
61
61
61
144
61
61
61
61
61
61
61
61
119
61
64
61
61
64
61
119
62
62
62
62
62
62
62
62
62
62
62
62
62
62
62
62
62
62
62
62
62
59
62
62
65
62
62
62
62
62
62
177
62
62
62
62
62
62
62
62
62
62
62
62
87
87
63
87
87
63
87
70
63
63
87
63
70
87
63
63
87
87
63
63
87
63
87
87
87
87
63
63
63
63
64
53
73
64
64
64
64
64
53
64
68
64
64
64
64
64
64
64
64
73
64
61
64
53
64
64
53
53
64
64
64
64
64
53
64
61
64
64
64
64
64
64
64
64
64
65
65
65
65
65
65
65
65
65
65
65
65
65
65
65
65
65
65
65
65
65
65
65
65
65
65
65
65
65
62
65
65
65
65
65
65
65
65
65
65
65
65
66
72
65
66
65
62
66
65
72
62
72
65
72
72
72
66
65
59
66
65
65
72
72
65
62
62
65
71
82
66
62
181
65
66
72
65
72
66
72
67
67
61
117
64
61
117
158
61
117
117
64
117
64
61
61
61
146
67
64
144
61
142
64
61
64
61
67
64
61
119
117
61
67
61
61
64
67
94
61
121
68
74
68
74
68
68
68
68
68
68
74
73
68
53
68
68
69
68
68
68
68
74
68
69
53
68
68
68
68
73
68
68
68
68
68
74
68
69
69
69
69
69
69
68
69
69
53
69
69
69
69
69
69
69
69
69
69
69
69
69
69
69
73
69
69
69
69
69
69
69
69
69
69
69
69
69
69
69
69
69
63
63
87
87
87
63
63
70
70
87
63
87
63
87
63
70
63
70
70
63
87
70
70
63
63
70
87
87
63
63
87
63
70
87
63
71
71
71
71
65
65
65
171
65
65
71
71
114
71
71
171
71
71
65
65
71
65
71
71
71
65
71
71
71
71
114
71
71
171
71
65
71
171
65
71
72
65
71
65
71
62
65
134
114
158
114
65
75
135
180
72
135
65
72
72
72
62
135
62
72
187
62
62
65
114
62
82
62
72
135
72
72
65
72
187
62
57
62
114
182
65
62
72
65
65
73
73
69
69
68
69
73
68
68
73
90
69
68
53
69
68
73
69
68
73
69
68
68
68
68
73
68
68
68
69
68
68
68
69
69
68
53
68
121
73
68
69
68
68
68
68
68
68
69
68
73
73
69
74
68
69
68
68
68
68
68
68
68
69
74
68
68
68
69
68
68
68
53
73
68
68
69
69
68
73
68
68
68
68
69
68
68
68
119
94
75
75
75
75
75
75
75
108
118
75
75
75
61
119
75
75
75
75
75
118
119
108
47
108
75
75
94
75
75
75
75
64
75
158
75
75
47
47
94
75
75
75
76
76
76
76
76
76
76
76
76
76
76
76
76
76
76
76
76
76
76
76
135
76
30
76
76
76
76
75
76
76
76
76
76
76
75
80
76
76
76
76
76
77
77
77
75
77
77
77
77
77
77
77
77
77
77
107
77
107
77
77
77
77
77
77
77
77
77
77
77
77
77
77
77
77
77
77
107
77
77
78
78
78
78
78
91
78
80
78
78
78
78
78
78
78
91
80
91
78
93
78
78
78
78
78
78
78
78
78
78
78
78
78
78
78
91
78
75
78
91
78
78
78
75
71
91
78
78
78
79
79
79
79
79
79
79
79
79
79
79
79
79
79
79
79
79
79
79
79
79
80
79
79
76
79
79
79
79
79
79
79
79
79
79
79
79
79
79
79
79
79
79
80
80
80
80
80
80
80
80
80
80
80
80
80
80
80
80
80
80
80
80
80
80
80
80
80
80
80
80
80
80
80
80
80
80
80
80
80
80
80
80
80
80
80
80
80
81
180
81
81
81
81
81
81
81
81
81
81
81
81
81
81
81
81
81
81
81
81
81
81
80
81
81
81
158
81
81
47
180
81
81
81
81
81
81
81
81
81
81
81
31
88
83
88
83
88
82
83
83
83
83
82
82
83
83
83
83
83
83
83
83
83
82
88
82
82
83
83
82
83
82
88
82
82
83
83
83
82
82
83
88
82
82
82
83
83
83
83
82
83
83
83
88
82
88
88
82
83
83
83
83
82
83
83
83
83
75
82
82
82
173
88
83
82
82
82
82
83
83
83
82
83
82
83
84
84
84
84
84
84
84
84
84
87
84
84
84
87
84
84
84
118
84
87
84
87
84
173
84
84
84
84
84
84
84
126
81
84
84
84
84
84
84
87
87
84
84
87
85
85
86
85
86
86
86
86
85
86
86
85
85
85
85
85
85
86
86
85
85
86
86
85
85
86
86
85
85
85
86
85
85
86
85
85
85
85
86
86
85
85
85
86
85
86
86
86
86
86
86
85
86
86
85
86
85
86
86
89
86
85
86
86
86
86
86
85
86
86
86
86
85
86
86
86
86
86
86
86
86
86
86
86
85
86
86
87
165
87
87
87
87
87
87
165
165
87
87
87
87
165
87
165
87
165
87
87
87
87
87
87
87
165
165
87
87
87
87
87
87
165
87
165
87
87
87
88
88
88
88
88
88
88
88
88
88
88
88
88
88
88
88
88
88
88
88
88
88
88
88
88
88
88
88
88
88
88
88
88
88
88
88
88
88
88
88
88
88
88
88
89
52
90
85
121
89
89
69
89
89
89
89
89
121
64
89
121
89
69
86
89
86
89
89
86
86
86
89
86
121
90
86
86
85
86
90
89
86
90
86
121
86
86
69
90
69
69
69
121
89
89
86
86
86
86
85
69
86
86
69
85
90
89
89
86
89
86
89
86
86
86
85
69
86
69
86
86
89
86
86
91
91
93
91
91
91
91
91
91
91
91
91
82
82
75
88
91
91
82
91
83
91
91
83
91
91
91
91
91
91
91
91
91
91
91
82
83
91
91
91
92
92
92
92
92
92
92
92
92
92
92
92
92
92
92
92
92
92
92
92
92
92
92
92
92
92
92
92
92
92
92
92
92
92
92
92
92
92
92
87
93
93
93
93
93
93
93
93
93
93
93
93
93
93
93
93
93
93
93
93
93
93
93
93
93
93
93
93
93
77
93
93
93
93
173
93
93
94
147
93
93
93
93
94
158
158
94
47
47
87
94
158
110
158
75
94
86
75
142
75
108
94
94
94
142
94
94
158
75
119
94
94
75
75
94
75
94
87
94
75
94
94
94
94
75
75
47
87
94
95
95
95
96
93
96
96
95
95
93
95
166
95
95
95
96
95
95
95
95
95
95
95
94
96
95
95
95
95
95
95
95
95
95
96
95
96
95
95
95
95
96
96
96
96
96
96
96
80
94
96
96
91
96
96
95
96
96
96
95
96
78
96
96
96
127
96
96
96
92
96
96
96
91
95
96
95
96
96
96
65
96
96
171
97
97
97
97
97
97
97
97
97
97
97
97
97
97
97
97
171
97
97
97
97
5
97
171
97
171
97
97
97
171
97
97
171
97
97
97
171
97
97
97
97
97
97
97
97
98
98
98
98
98
98
98
98
98
98
98
98
98
98
98
98
98
98
98
98
98
98
98
98
98
98
98
98
99
99
99
99
99
99
99
99
99
99
99
99
99
99
99
99
99
99
99
99
99
99
99
99
99
99
99
99
99
99
99
99
99
99
37
100
101
100
100
100
100
100
100
100
100
100
100
100
100
100
100
100
100
100
100
100
100
100
100
100
100
100
100
100
100
100
100
100
100
100
100
100
100
100
100
100
101
101
101
103
101
101
101
100
101
101
101
100
101
101
101
101
101
101
101
101
101
101
101
101
101
101
101
101
101
101
101
101
101
101
100
101
100
101
101
102
103
102
103
102
102
102
102
103
102
102
102
102
102
102
102
102
102
102
102
102
103
102
102
102
102
102
103
102
102
102
102
102
102
102
102
102
102
103
102
103
103
103
103
103
103
103
103
103
103
103
103
103
103
103
103
103
103
103
103
103
102
102
103
102
103
102
103
103
103
103
103
103
103
103
103
103
103
103
103
103
103
103
104
104
104
104
104
104
104
104
104
104
104
104
104
104
104
104
104
104
179
104
104
104
104
104
104
172
104
104
104
3
104
104
104
104
104
104
104
104
104
104
104
104
104
104
105
105
105
105
105
105
105
105
105
105
105
105
105
105
105
112
112
113
105
113
105
112
105
105
105
105
105
105
112
105
105
105
105
105
105
105
105
105
105
112
105
105
106
106
106
106
106
106
106
106
106
106
106
106
106
106
106
106
106
106
106
106
106
106
106
106
106
106
106
106
106
106
106
106
106
106
106
106
106
106
106
106
106
106
106
106
106
107
107
107
107
118
118
107
107
107
107
84
107
107
84
107
118
87
107
84
107
84
126
107
107
107
126
107
107
107
107
107
107
107
107
107
107
84
107
107
70
107
107
107
107
108
108
108
108
108
108
112
108
108
108
113
108
108
108
108
108
108
108
108
108
108
108
108
108
108
108
108
108
108
108
108
108
108
108
108
108
108
108
108
108
108
108
108
108
108
109
109
109
109
109
109
109
109
82
82
109
109
109
109
109
109
109
109
109
109
109
109
109
109
109
109
109
109
109
109
109
109
109
109
109
109
109
109
109
109
109
109
109
110
110
110
112
110
113
113
113
110
110
110
113
110
112
113
113
113
112
113
113
110
113
113
110
113
110
110
112
108
113
110
110
110
113
110
110
113
110
110
110
110
113
111
111
111
111
111
111
111
111
111
111
111
111
111
111
111
111
111
111
111
111
111
111
111
111
111
111
111
111
111
111
111
111
111
111
111
111
56
111
111
111
111
111
111
111
96
111
112
112
112
112
112
110
112
112
110
112
112
112
112
112
112
112
112
112
105
112
112
112
112
112
112
112
112
112
121
105
112
105
113
112
112
112
112
112
105
112
112
113
112
113
110
113
113
110
113
113
113
113
113
113
113
110
113
113
110
113
113
110
113
113
113
112
110
113
113
113
110
110
113
113
105
110
113
113
110
113
110
113
113
113
113
110
113
113
114
62
114
134
114
114
114
114
114
114
116
114
114
135
114
114
114
116
114
114
135
114
114
114
114
114
135
114
114
114
114
114
180
114
114
114
114
114
114
114
114
114
114
114
114
87
63
115
87
115
87
115
118
87
115
168
115
105
87
115
115
70
115
105
118
115
87
168
118
115
115
118
168
115
87
115
115
63
105
118
118
118
115
116
116
116
132
116
116
116
116
116
116
62
116
116
116
62
116
116
116
180
62
116
116
116
116
116
116
116
116
116
135
116
116
116
180
116
62
116
116
116
116
116
62
116
117
117
117
117
119
117
117
117
117
117
117
117
117
117
117
117
117
117
117
117
117
117
117
117
117
117
117
117
117
117
117
117
117
117
117
117
117
117
117
117
117
117
87
118
70
118
87
118
168
118
118
70
87
87
118
118
118
118
118
118
87
87
87
168
87
118
168
118
118
118
118
118
87
87
118
119
119
119
119
119
119
119
119
119
119
119
52
119
119
119
119
119
119
119
119
119
119
119
61
119
119
119
119
119
119
119
119
119
119
119
119
119
119
119
119
119
119
119
120
120
117
120
120
117
119
120
117
117
117
117
117
117
47
120
119
119
117
47
117
47
117
117
120
117
117
120
120
119
120
120
120
117
120
119
117
117
120
117
47
119
47
117
47
121
69
121
121
69
121
121
121
121
121
121
121
121
53
121
121
121
119
121
121
69
121
121
121
69
121
119
121
121
121
121
121
121
121
121
69
73
119
121
121
70
118
63
63
87
118
118
118
63
118
118
87
87
87
118
87
118
87
118
87
118
118
118
63
118
118
118
118
87
87
87
118
118
118
87
122
122
122
122
122
122
122
122
26
122
122
122
122
122
122
122
122
122
122
122
122
122
122
122
122
122
122
122
122
122
122
122
122
122
122
122
122
122
122
122
122
171
122
122
122
123
123
124
0
124
121
123
124
124
124
121
124
0
121
124
124
124
121
121
0
121
124
123
123
124
124
123
121
124
124
123
121
124
124
124
124
124
124
121
124
123
0
123
124
123
123
124
124
123
124
124
124
124
123
124
124
124
123
123
124
124
124
124
145
124
124
123
123
0
123
124
123
124
123
124
123
124
123
123
121
123
124
90
125
125
125
126
125
125
126
125
125
126
125
125
126
126
126
125
125
125
125
126
125
125
126
125
125
125
125
126
125
125
125
126
126
125
125
125
125
125
125
125
125
125
126
126
168
125
126
126
126
125
125
125
126
126
126
126
126
168
77
77
126
77
77
125
125
126
126
126
77
126
77
77
77
125
77
132
126
125
77
126
77
126
126
127
127
6
127
127
127
127
140
127
127
127
127
127
128
127
127
127
3
127
127
127
3
127
6
127
127
128
127
127
3
127
127
127
127
127
127
127
127
127
127
128
128
128
128
128
135
128
128
128
128
135
135
128
128
183
128
3
128
3
128
128
128
128
186
128
128
128
128
135
128
127
135
3
135
128
128
3
128
129
129
129
129
129
129
129
129
129
129
129
129
129
129
169
129
129
177
129
129
129
129
129
129
129
129
129
129
129
129
129
129
129
129
129
129
129
129
129
169
129
130
131
130
131
109
130
132
130
130
130
131
130
132
131
132
130
132
130
130
130
130
132
130
131
132
130
158
130
130
132
130
130
130
130
130
130
130
132
130
130
132
132
131
132
131
131
169
131
131
132
131
131
131
132
132
131
131
131
131
131
132
132
131
131
132
132
132
131
131
131
132
131
132
131
132
131
131
131
131
131
131
131
47
131
132
132
131
158
130
158
158
158
132
131
132
109
158
131
158
132
158
158
132
132
132
158
132
130
158
132
132
158
131
132
132
83
158
158
132
132
132
132
132
158
130
132
158
132
135
129
134
135
135
135
135
135
135
135
135
135
135
135
135
135
187
135
135
135
135
135
135
135
133
177
134
134
135
135
135
177
135
134
135
135
135
135
135
135
135
135
134
135
62
135
135
135
135
187
135
135
135
135
135
135
135
177
135
187
135
135
135
135
135
135
181
135
135
135
62
135
187
177
135
180
135
135
135
135
135
135
135
135
135
135
135
135
135
135
135
135
135
135
135
135
135
135
135
135
75
137
136
136
141
136
136
130
128
136
136
136
136
136
161
181
136
136
141
181
136
136
186
136
136
141
136
136
136
136
136
186
136
128
136
136
136
181
183
136
136
161
136
136
137
135
137
135
137
137
133
135
137
130
137
137
137
137
135
137
133
135
135
137
137
133
137
137
133
137
137
133
137
137
133
137
135
137
137
137
135
135
137
135
132
182
132
177
158
135
177
182
135
131
132
131
182
177
182
135
158
182
132
132
132
131
131
167
107
135
182
177
192
192
62
132
135
158
158
135
131
131
182
182
135
131
62
139
132
133
137
137
139
183
137
137
137
46
133
137
132
133
137
4
139
139
135
139
132
139
137
48
51
140
132
133
132
139
133
133
137
135
135
137
51
139
135
139
139
140
140
140
140
140
140
140
140
141
140
177
141
140
140
140
140
140
140
141
140
140
140
140
140
140
140
140
140
140
140
140
140
140
140
141
141
141
141
141
141
141
141
141
141
141
141
141
141
141
141
141
141
141
141
141
141
141
141
141
141
141
141
141
141
141
141
141
94
142
142
117
142
142
142
94
142
142
142
142
94
142
142
142
142
142
142
146
142
142
47
94
142
142
142
142
142
148
47
142
142
142
142
142
142
117
47
142
143
143
143
143
143
143
143
143
143
143
143
143
143
143
178
143
143
143
143
143
143
143
143
143
143
143
143
143
143
143
192
143
143
143
143
143
143
143
143
143
143
143
143
143
143
143
143
144
146
144
144
146
146
144
146
146
146
146
146
146
144
144
144
146
146
146
144
144
144
144
146
146
144
146
144
146
146
146
144
144
144
146
144
144
146
146
146
146
146
146
146
145
145
145
145
145
145
145
145
145
145
145
145
145
145
145
145
145
145
145
145
145
145
145
145
145
145
145
145
145
145
145
145
145
145
145
145
145
145
145
145
145
145
145
146
146
146
146
146
146
142
146
146
146
146
147
146
144
146
146
146
146
146
146
146
146
146
146
146
146
146
146
146
146
146
146
146
146
146
146
146
146
146
146
146
146
146
146
146
147
117
147
147
147
147
146
147
146
147
147
148
147
147
147
145
146
147
147
147
147
147
147
147
146
147
147
146
146
147
147
147
147
147
147
147
147
147
147
147
147
147
147
146
146
148
148
146
148
148
148
148
148
147
146
148
148
146
148
117
148
148
148
144
148
148
148
148
148
148
147
148
148
148
144
148
148
148
148
148
148
148
148
148
148
148
148
148
149
149
149
149
149
149
149
149
149
149
149
149
149
149
149
149
149
149
149
149
149
149
149
149
149
149
149
149
149
149
149
149
149
149
149
149
149
150
150
150
150
150
149
98
150
150
150
150
150
150
150
150
150
150
150
150
150
150
150
150
150
150
150
150
150
150
150
150
150
150
150
150
150
150
150
150
150
150
150
150
151
151
151
151
151
151
151
151
150
151
151
151
151
151
151
151
151
151
151
151
151
151
151
151
151
151
151
151
151
151
151
151
151
151
151
151
152
152
152
152
152
152
152
152
152
152
152
152
152
152
152
152
152
152
152
152
152
152
152
152
152
152
152
152
152
152
152
152
152
152
152
152
152
152
152
152
152
152
152
152
152
153
153
153
154
154
154
153
153
154
153
153
154
154
154
153
154
154
153
154
153
154
154
153
153
154
153
154
153
153
153
153
154
154
154
153
153
153
154
153
153
153
153
153
154
154
154
154
154
154
154
154
154
154
153
154
154
154
154
154
154
154
154
154
154
154
154
154
154
154
154
154
154
154
154
154
154
154
154
154
154
154
154
154
154
154
108
155
155
155
155
155
155
155
155
155
155
155
155
155
155
155
155
155
155
155
155
155
155
155
155
155
155
155
155
155
155
155
155
155
155
155
80
155
155
155
156
156
156
156
156
156
156
156
156
156
156
156
156
156
156
156
156
156
156
156
156
156
156
156
156
156
156
156
156
156
156
156
156
156
156
156
156
157
155
157
157
157
157
157
157
157
43
43
43
157
157
40
157
157
157
157
157
172
157
157
157
157
39
157
157
157
158
158
158
158
158
158
158
158
158
158
158
158
158
142
158
158
158
158
158
158
158
158
108
158
47
158
158
158
158
158
158
158
148
158
158
142
159
159
159
159
159
159
159
159
159
159
159
159
159
159
159
159
159
159
159
159
159
159
159
159
159
159
159
159
159
159
159
159
159
159
159
159
159
159
159
159
159
159
159
159
160
160
160
160
160
160
160
160
160
160
160
160
160
160
160
160
160
162
160
160
160
160
160
160
160
160
160
160
160
160
160
160
160
160
162
160
160
160
160
160
160
160
160
160
160
160
160
160
161
161
161
161
161
161
161
161
161
161
161
161
161
161
161
161
161
161
161
161
161
161
161
161
161
161
161
161
161
161
161
161
161
161
161
161
161
161
161
161
161
161
161
161
161
161
162
162
162
162
162
162
162
162
162
162
161
162
162
162
162
162
162
162
162
162
162
162
162
162
162
162
162
162
162
162
162
162
161
162
162
162
162
161
163
161
161
161
161
161
161
161
161
161
161
161
161
22
163
161
161
161
161
161
161
161
161
161
161
161
161
161
161
161
161
161
161
161
161
183
161
161
161
161
161
161
161
161
161
161
161
161
19
161
164
164
161
161
161
161
161
164
161
163
164
161
161
161
161
164
161
161
161
23
161
164
161
161
163
161
164
164
164
164
164
161
164
164
161
164
161
161
165
165
87
165
165
87
165
165
87
165
165
165
165
165
165
165
165
165
87
165
165
165
165
165
165
165
165
165
165
165
165
165
165
165
165
165
87
165
165
165
165
192
166
166
166
166
166
166
166
166
166
166
166
166
166
166
166
166
166
166
166
166
166
166
166
166
59
166
166
166
177
166
166
166
166
166
166
166
166
166
166
166
166
166
166
166
166
166
166
167
167
167
167
167
167
167
167
167
167
167
167
167
167
167
167
167
167
167
167
167
167
167
167
167
167
167
167
167
167
167
167
167
167
167
167
167
167
167
167
167
167
168
168
168
168
168
168
168
105
168
87
168
168
168
168
87
168
168
168
168
87
87
165
168
87
123
87
87
87
168
168
168
168
87
168
168
168
105
168
168
169
169
169
169
169
169
169
169
169
169
169
169
169
169
169
169
167
169
169
169
169
169
169
169
169
169
169
169
169
169
169
169
169
169
169
169
169
169
169
169
167
169
169
169
170
170
170
170
170
170
170
170
170
170
5
170
170
170
170
170
170
170
171
170
170
170
170
170
170
170
170
170
170
170
170
170
170
170
170
170
170
170
170
170
170
170
170
170
170
170
171
180
171
171
171
171
171
171
171
171
171
171
171
171
171
171
171
171
171
171
171
5
180
171
171
171
171
171
171
171
171
171
171
171
171
171
171
171
171
171
171
171
171
171
172
172
172
172
172
172
172
172
172
172
172
172
172
172
172
172
172
172
172
172
172
172
172
172
172
172
172
172
172
172
172
172
172
172
172
172
172
172
172
172
172
172
172
172
82
87
87
87
173
173
77
77
173
173
173
173
87
118
173
173
107
173
107
77
87
173
173
173
173
88
173
173
173
173
173
87
173
173
173
87
173
87
173
173
173
174
174
174
174
174
174
174
174
174
174
174
174
174
174
174
174
174
174
174
174
174
174
174
174
174
176
174
174
174
174
174
175
175
175
176
175
175
175
175
176
175
175
175
175
175
175
175
175
175
175
175
175
176
176
175
175
176
176
175
175
175
175
175
175
175
175
175
175
175
175
175
176
175
176
176
175
176
176
176
175
176
175
176
175
176
175
176
176
176
176
175
176
176
176
176
176
175
176
176
176
176
176
175
176
176
175
176
174
176
176
176
176
176
176
177
177
177
177
177
177
177
177
177
177
177
177
177
177
177
177
177
177
177
177
177
177
177
177
177
177
177
177
177
177
177
177
177
177
177
177
177
177
177
177
177
177
178
179
178
178
178
178
179
179
179
179
178
179
179
178
179
178
179
178
179
178
179
178
179
179
44
178
178
179
179
179
59
178
178
178
179
179
178
178
179
179
178
178
179
178
179
178
179
179
178
179
179
179
179
179
179
179
179
179
179
179
179
179
179
179
179
179
179
179
179
179
179
179
179
178
179
179
179
179
179
179
179
179
179
179
179
179
179
179
180
180
180
75
180
180
180
183
114
183
180
180
180
180
180
180
180
180
180
180
180
180
183
177
180
180
187
180
180
180
62
180
180
180
180
182
180
180
181
183
183
181
183
181
183
183
181
183
183
181
183
183
181
182
181
181
62
181
181
183
181
183
181
183
181
181
181
177
181
65
181
183
181
65
181
181
71
182
181
177
65
181
183
181
182
182
182
183
158
182
158
182
183
183
182
183
183
182
177
183
191
183
180
182
182
182
183
47
182
182
182
47
182
177
180
183
182
183
158
183
182
158
183
146
177
177
183
183
183
182
183
183
182
183
183
183
180
183
183
183
182
192
183
183
180
180
183
183
180
177
183
183
182
183
182
182
65
182
183
182
180
183
183
183
180
180
183
184
184
184
184
184
184
184
184
184
184
184
184
184
184
184
184
184
184
184
184
184
184
184
184
184
184
184
184
184
184
184
184
184
184
184
184
184
184
184
185
185
185
185
185
185
185
185
185
185
185
185
185
185
185
185
185
185
185
185
185
185
185
185
185
185
185
185
185
185
185
185
185
185
185
158
185
185
185
177
187
187
187
186
186
187
187
186
186
186
187
186
187
186
187
186
186
177
187
187
187
187
187
187
177
186
187
187
187
187
187
177
187
187
186
166
187
187
187
186
187
187
187
177
187
177
187
177
187
177
177
187
177
177
187
187
187
177
187
187
187
187
187
177
187
187
187
177
177
187
177
177
187
177
187
187
187
187
187
187
187
187
177
187
187
187
187
188
188
188
188
188
188
188
188
188
188
188
188
188
188
188
188
188
188
188
188
188
188
188
188
188
188
188
188
188
188
188
188
188
188
188
188
188
188
188
188
188
189
189
189
189
189
189
189
189
189
189
189
189
189
189
189
189
189
189
189
189
189
189
189
189
189
189
189
189
189
189
189
189
189
189
189
189
189
189
189
189
189
189
182
190
190
190
190
190
190
190
190
190
190
190
190
190
190
190
190
190
190
190
190
190
190
190
190
190
190
190
190
190
190
190
190
190
190
190
190
190
190
190
190
190
190
190
190
190
190
191
191
191
191
191
191
191
191
191
191
191
191
191
191
191
191
191
191
191
191
191
191
191
191
191
191
191
191
191
191
191
191
191
191
191
191
191
191
191
191
191
191
191
192
192
192
194
192
192
192
192
192
192
192
192
192
192
192
192
192
192
192
192
192
192
192
192
192
192
192
192
192
192
192
192
192
192
192
192
192
192
192
177
192
192
193
193
193
193
193
193
193
193
193
193
193
193
193
193
193
194
193
193
193
193
193
193
193
193
193
193
193
193
193
193
193
193
193
193
193
193
193
193
193
193
193
193
193
193
193
193
194
194
194
194
194
158
194
194
194
194
194
194
194
194
194
194
194
194
194
194
194
194
194
194
194
194
194
194
194
194
194
194
194
194
194
194
194
194
194
194
194
194
194
195
195
195
195
195
195
195
195
195
195
195
195
195
195
195
195
195
195
195
195
195
195
195
195
195
195
195
195
195
195
195
195
195
195
195
195
195
195
195
195
